[LEFT_CAM_2K]
fx=1904.98
fy=1905.72
cx=1093.33
cy=621.713
k1=-0.0671722
k2=-0.0293503
p1=-0.000199143
p2=0.000103017
k3=-0.0399208

[RIGHT_CAM_2K]
fx=1903.44
fy=1905.02
cx=1125.7
cy=599.089
k1=-0.0702987
k2=-0.0178078
p1=-0.000970556
p2=1.586e-05
k3=-0.0514558

[LEFT_CAM_FHD]
fx=1904.98
fy=1905.72
cx=949.33
cy=540.713
k1=-0.0671722
k2=-0.0293503
p1=-0.000199143
p2=0.000103017
k3=-0.0399208

[RIGHT_CAM_FHD]
fx=1903.44
fy=1905.02
cx=981.7
cy=518.089
k1=-0.0702987
k2=-0.0178078
p1=-0.000970556
p2=1.586e-05
k3=-0.0514558

[LEFT_CAM_HD]
fx=952.49
fy=952.86
cx=633.165
cy=358.8565
k1=-0.0671722
k2=-0.0293503
p1=-0.000199143
p2=0.000103017
k3=-0.0399208

[RIGHT_CAM_HD]
fx=951.72
fy=952.51
cx=649.35
cy=347.5445
k1=-0.0702987
k2=-0.0178078
p1=-0.000970556
p2=1.586e-05
k3=-0.0514558

[LEFT_CAM_VGA]
fx=476.245
fy=476.43
cx=332.0825
cy=186.92825
k1=-0.0671722
k2=-0.0293503
p1=-0.000199143
p2=0.000103017
k3=-0.0399208

[RIGHT_CAM_VGA]
fx=475.86
fy=476.255
cx=340.175
cy=181.27225
k1=-0.0702987
k2=-0.0178078
p1=-0.000970556
p2=1.586e-05
k3=-0.0514558

[LEFT_DISTO]
k1=18.5349
k2=-24.2111
k3=13.9533
k4=18.6778
k5=-23.3267
k6=13.9937
p1=-0.000194652
p2=0.000125698

[RIGHT_DISTO]
k1=-3.39644
k2=29.125
k3=-12.6467
k4=-3.30386
k5=28.757
k6=-10.3099
p1=-0.000976245
p2=1.99003e-05

[STEREO]
Baseline=120.041
TY=-0.16308
TZ=0.378801
CV_2K=0.00547065
CV_FHD=0.00547065
CV_HD=0.00547065
CV_VGA=0.00547065
RX_2K=-0.0018237
RX_FHD=-0.0018237
RX_HD=-0.0018237
RX_VGA=-0.0018237
RZ_2K=0.00251814
RZ_FHD=0.00251814
RZ_HD=0.00251814
RZ_VGA=0.00251814

[MISC]
Sensor_ID=0

